
 avg_E = -493.4276660194858 +- 13.042149999388378 
 E_part = -2.2843873426828045 +- 0.06038032407124249 
 E_kin = 2.0999999999999996 
 E_tot_part = -0.18438734268280488 +- 0.06038032407124249 
 tail_correction = -0.2144630080821541
 avg_p = 0.3543424896571429 +- 0.12696049365041998 
