
 avg_p = 0.6964021177142857 +- 0.0011558896597215849 

 avg_E = -464.48252967242854 +- nan 
 E_part = -2.1503820818167987 +- nan 
 E_kin = 2.7 
 E_tot_part = 0.5496179181832015 +- nan 
 tail_correction = -0.2144630080821541