
 avg_p = 0.7054318256285715 +- 0.15272735757964317 



 avg_E = -463.4408514306285 +- 13.036383439989907 
 E_part = -2.145559497364021 +- 0.06035362703699031 
 E_kin = 2.7 
 E_tot_part = 0.5544405026359791 +- 0.06035362703699031 
 tail_correction = -0.2144630080821541
