
 avg_E = -840.3911950956 +- 14.885198568044483 
 E_part = -3.890699977294444 +- 0.06891295633353928 
 E_kin = 2.0999999999999996 
 E_tot_part = -1.7906999772944445 +- 0.06891295633353928 
 tail_correction = -0.3753102641437696
 avg_p = 1.8386694508857142 +- 0.3065295307852293 
